test:
  accuracy: 0.6236614918951847
  error_rate: 0.3763385081048153
  f1_score: 0.5399477563748276
  false_positive_rate: 0.47319283482504076
  fn: 3051.0
  fp: 76026.0
  precision: 0.379029820878699
  recall: 0.9383087997411841
  specificity: 0.9652073758994651
  tn: 84640.0
  total: 210122.0
  tp: 46405.0
train:
  accuracy: 0.6234072974180218
  error_rate: 0.3765927025819782
  f1_score: 0.5390723880801942
  false_positive_rate: 0.4733120358947988
  fn: 6994.0
  fp: 177643.0
  precision: 0.37802901128450034
  recall: 0.9391635642461988
  specificity: 0.9658279181120829
  tn: 197676.0
  total: 490283.0
  tp: 107970.0
